4b4t 444 208 128
4b4t 28 54 146
4b4t 440 202 162
4b4t 290 138 28
4b4t 134 310 118
4b4t 20 158 110
4b4t 394 324 22
4b4t 186 270 94
4b4t 112 416 134
4b4t 228 144 84
4b4t 350 202 66
4b4t 432 378 16
4b4t 254 292 116
4b4t 246 40 172
4b4t 218 328 140
4b4t 226 212 74
4b4t 360 420 20
4b4t 176 160 152
4b4t 264 330 134
4b4t 376 322 110
4b4t 424 454 62
4b4t 316 314 60
4b4t 186 312 22
4b4t 442 442 172
4b4t 286 466 140
4b4t 288 232 88
4b4t 10 492 142
4b4t 374 350 178
4b4t 94 14 172
4b4t 338 416 84
4b4t 30 198 56
4b4t 154 476 16
4b4t 276 282 182
4b4t 476 100 106
4b4t 470 264 94
4d8q 48 240 20
4b4t 242 466 178
4b4t 280 362 120
4b4t 96 412 66
4b4t 128 350 22
4b4t 150 192 82
4b4t 406 396 52
4b4t 308 290 18
4d8q 8 114 184
4b4t 250 178 176
4d8q 482 48 162
4b4t 288 62 150
4b4t 454 86 26
4b4t 348 154 34
4b4t 66 34 172
4b4t 294 196 158
4b4t 154 492 56
4b4t 78 162 16
4b4t 340 282 16
4b4t 54 152 160
4b4t 140 224 96
4b4t 258 326 176
4b4t 50 422 154
4d8q 78 206 126
4b4t 348 382 94
4b4t 98 310 24
4b4t 78 202 160
4d8q 504 258 156
4b4t 374 76 64
4b4t 374 380 60
4b4t 76 500 40
4d8q 10 350 28
4d8q 8 166 16
4b4t 152 436 170
4b4t 406 172 150
4b4t 304 286 62
4b4t 376 200 22
4b4t 78 382 180
4b4t 332 200 178
4b4t 212 264 140
4b4t 38 22 122
4b4t 114 438 96
4b4t 222 290 88
4b4t 328 460 172
4b4t 280 182 96
4b4t 210 182 78
4d8q 390 384 158
4b4t 158 192 114
4b4t 72 60 100
4b4t 282 10 84
4b4t 390 430 44
4b4t 480 492 38
4b4t 72 22 32
4b4t 214 64 170
4d8q 80 54 62
4d8q 408 354 62
4b4t 304 442 24
4b4t 372 498 14
4b4t 140 276 56
4b4t 44 382 160
4b4t 452 388 158
4b4t 134 60 22
4d8q 30 240 108
4b4t 52 94 86
4b4t 246 208 168
4b4t 204 498 134
4b4t 410 326 108
4d8q 230 212 144
4d8q 430 142 98
4b4t 330 200 94
4b4t 62 248 74
4d8q 100 78 12
4d8q 390 476 182
4b4t 74 102 180
4b4t 24 62 178
4d8q 362 298 140
4d8q 18 56 112
4b4t 336 352 102
4b4t 302 374 174
4b4t 210 160 144
4b4t 238 426 86
4b4t 460 236 18
4d8q 80 154 178
4d8q 452 144 168
4d8q 184 134 116
4b4t 450 336 102
4d8q 460 486 88
4d8q 44 190 82
4d8q 76 320 54
4d8q 438 486 16
4b4t 76 306 94
4d8q 126 306 92
4d8q 12 408 78
4b4t 408 28 78
4d8q 154 48 74
4d8q 432 140 48
4d8q 252 132 176
4b4t 384 132 150
4b4t 134 244 140
4d8q 240 62 102
4d8q 486 438 96
4d8q 460 428 64
4b4t 242 108 64
4b4t 446 284 56
4b4t 138 138 54
4d8q 406 124 112
4d8q 16 430 106
4b4t 98 290 64
4b4t 102 358 30
4b4t 458 432 24
4d8q 292 128 186
4b4t 162 294 182
4b4t 468 86 152
4d8q 456 446 144
4b4t 48 314 136
4b4t 284 182 128
4d8q 346 40 86
4d8q 228 396 68
4b4t 380 160 64
4d8q 360 412 60
4d8q 226 444 40
4d8q 372 70 180
4b4t 80 444 170
4d8q 248 324 104
4d8q 288 152 98
4d8q 80 74 72
4d8q 156 414 66
4d8q 120 252 64
4b4t 300 56 48
4b4t 280 248 26
4b4t 174 142 20
4d8q 472 60 16
4b4t 122 282 150
4d8q 124 392 138
4d8q 480 286 120
4b4t 40 212 118
4d8q 202 388 102
4d8q 102 28 42
4d8q 104 60 142
4d8q 16 456 136
4d8q 426 78 130
4d8q 450 204 98
4d8q 166 108 96
4d8q 378 30 86
4d8q 38 498 84
4d8q 44 232 40
4d8q 222 196 34
4d8q 146 232 32
4d8q 458 332 26
4d8q 238 436 10
4d8q 350 310 174
4d8q 136 194 150
4d8q 162 308 130
4d8q 314 30 106
4d8q 142 336 98
4d8q 124 198 80
4d8q 166 168 66
4b4t 76 96 18
4d8q 214 188 164
4d8q 328 404 162
4d8q 490 400 162
4d8q 492 92 142
4d8q 354 62 114
4d8q 82 434 112
4d8q 204 216 108
4d8q 228 376 92
4d8q 218 368 64
4d8q 246 26 20
4d8q 108 466 14
4d8q 168 446 14
4d8q 16 392 188
4d8q 414 326 138
4b4t 238 466 110
4d8q 30 470 88
4d8q 94 246 86
4d8q 206 18 70
4d8q 34 268 52
4d8q 182 404 52
4b4t 210 276 40
4d8q 156 502 32
4d8q 348 18 28
4d8q 198 120 180
4d8q 120 488 122
4d8q 386 162 112
4d8q 312 348 102
4b4t 314 490 92
4d8q 268 132 150
4d8q 90 18 126
4d8q 142 378 108
4d8q 444 42 98
4d8q 346 486 72
4d8q 450 258 66
4d8q 462 238 64
4d8q 470 86 50
4b4t 268 50 48
4d8q 174 68 44
4b4t 280 94 40
4b4t 272 382 28
4d8q 98 324 186
4d8q 114 372 160
4d8q 402 44 136
4d8q 422 466 128
4d8q 388 318 72
4b4t 22 144 46
4d8q 372 472 18
4d8q 152 116 18
4d8q 478 336 14
4d8q 352 342 142
4d8q 38 94 142
4b4t 360 272 120
4d8q 284 282 116
4d8q 72 240 110
4d8q 272 298 86
4b4t 218 416 34
4d8q 14 466 188
4d8q 28 166 176
4b4t 148 62 176
4d8q 406 456 162
4b4t 440 290 160
4d8q 80 412 140
4d8q 440 378 116
4d8q 56 134 114
4d8q 424 92 62
4d8q 494 156 56
4d8q 266 46 12
4d8q 362 266 190
4d8q 308 434 186
4b4t 360 194 130
4d8q 74 350 114
4d8q 482 30 112
4d8q 374 228 106
4d8q 280 324 86
4d8q 208 106 30
4d8q 90 400 10
4b4t 500 150 6
4d8q 230 326 180
4d8q 216 456 178
4b4t 402 310 178
4d8q 20 10 178
4d8q 14 238 176
4b4t 306 148 156
4d8q 50 352 156
4d8q 390 348 138
4d8q 404 490 116
4d8q 296 432 112
4b4t 242 28 108
4d8q 404 404 170
4d8q 122 22 154
4d8q 90 306 128
4d8q 480 318 106
4d8q 26 326 164
4d8q 366 468 150
4b4t 394 268 142
4d8q 168 246 138
4d8q 120 130 136
4d8q 268 498 134
4d8q 318 494 132
4d8q 192 324 186
4d8q 302 400 162
4d8q 412 114 144
4d8q 134 108 128
4b4t 422 460 98
4d8q 450 102 82
4d8q 460 390 76
4b4t 152 426 40
4d8q 196 18 28
4d8q 302 28 18
4d8q 500 374 86
4d8q 386 132 70
4b4t 270 174 64
4d8q 220 490 48
4d8q 232 288 172
4d8q 332 350 130
4d8q 376 52 112
4d8q 260 478 82
4d8q 456 466 28
4b4t 70 384 14
4d8q 464 196 166
4d8q 342 346 54
4d8q 76 150 108
4d8q 404 92 10
4d8q 494 442 148
4d8q 428 362 84
4d8q 364 50 50
4d8q 228 142 182
4d8q 114 72 162
4d8q 482 396 118
4d8q 106 478 90
4d8q 90 270 12
4d8q 82 454 78
4d8q 394 310 146
4b4t 430 444 132
4b4t 256 390 124
4d8q 88 100 88
4d8q 418 292 78
4d8q 282 90 70
4b4t 336 118 102
4d8q 64 274 100
4d8q 504 434 172
4d8q 504 82 112
4b4t 460 130 66
4d8q 374 190 66
4b4t 336 380 126
4b4t 482 180 18
4d8q 458 60 190
4b4t 500 378 46
4b4t 130 410 100
4b4t 272 14 16
4d8q 504 400 110
4d8q 188 348 184
4d8q 140 504 182
4d8q 378 234 52
4d8q 6 500 24
4b4t 470 390 22
4b4t 4 214 146
4b4t 478 52 138
4b4t 136 264 108
4d8q 476 276 186
4b4t 28 368 104
4d8q 492 240 172
4b4t 500 486 8
4b4t 336 58 60
4d8q 362 6 134
4b4t 488 304 156
4b4t 444 326 174
4b4t 214 380 132
4b4t 492 376 12
4b4t 234 114 34
4d8q 90 130 50
4b4t 4 406 110
4b4t 504 488 76
4d8q 22 246 22
4b4t 506 478 110
4d8q 8 272 24
4d8q 506 30 54
1qvr 8 250 116
4d8q 502 372 168
1qvr 236 140 58
4b4t 6 498 190
4d8q 22 134 18
1qvr 8 216 184
1qvr 468 338 68
4d8q 318 350 62
1qvr 152 394 42
4d8q 4 180 148
1qvr 284 78 178
1qvr 46 468 118
1qvr 326 208 120
1qvr 254 214 14
1qvr 202 496 92
1qvr 406 60 58
1qvr 344 448 140
1qvr 388 504 50
4b4t 246 82 162
1qvr 342 504 110
1qvr 504 88 72
1qvr 206 164 22
1qvr 344 384 156
1qvr 14 504 114
1qvr 90 168 80
1qvr 430 234 60
1qvr 406 224 60
1qvr 258 492 26
1qvr 148 86 178
1qvr 404 384 136
1qvr 502 268 120
1qvr 456 414 104
1qvr 116 172 14
1qvr 416 290 10
1qvr 482 214 90
1qvr 308 348 28
1qvr 300 170 184
1qvr 216 236 158
1qvr 142 456 112
1qvr 112 150 148
1qvr 120 128 88
1qvr 314 484 30
1qvr 460 148 28
1qvr 200 38 18
1qvr 198 504 66
1qvr 454 454 72
1qvr 176 74 152
1qvr 246 500 78
1qvr 292 122 60
1qvr 180 66 184
1qvr 184 406 158
1qvr 380 44 184
1qvr 232 78 132
1qvr 436 496 126
1qvr 90 56 28
1qvr 492 422 24
1qvr 198 34 170
1qvr 280 502 88
1qvr 88 212 24
1qvr 134 210 170
1qvr 290 24 146
1qvr 132 350 140
1qvr 320 340 178
1qvr 30 132 122
1qvr 396 290 34
1qvr 468 6 140
1qvr 480 502 78
1qvr 382 358 28
1qvr 406 474 10
1qvr 424 354 156
1qvr 42 480 142
1qvr 324 34 132
1qvr 290 308 124
1qvr 496 352 70
1qvr 416 190 56
1qvr 186 86 108
1qvr 412 204 102
1qvr 362 118 94
1qvr 444 234 88
1qvr 504 310 68
1qvr 122 188 44
1qvr 82 468 14
1qvr 232 414 178
1qvr 52 86 60
1qvr 400 498 18
1qvr 390 196 168
1qvr 424 416 166
1qvr 44 268 160
1qvr 360 36 150
1qvr 234 434 112
1qvr 102 316 64
1qvr 368 356 52
1qvr 308 412 14
1qvr 382 378 178
1qvr 60 452 30
1qvr 338 498 24
1qvr 64 354 18
1qvr 328 58 146
1qvr 442 170 140
1qvr 234 250 88
1qvr 204 450 14
1qvr 206 102 138
1qvr 290 444 68
1qvr 442 10 42
1qvr 444 124 22
1qvr 22 294 186
1qvr 316 270 130
1qvr 258 432 174
1qvr 36 122 152
4b4t 204 4 116
1qvr 394 454 80
1qvr 224 302 124
1qvr 438 4 106
1qvr 484 238 100
1qvr 326 224 24
1qvr 106 236 136
3cf3 240 204 114
1qvr 422 110 182
1qvr 206 48 114
1qvr 68 466 102
1qvr 374 296 12
1qvr 164 482 156
3cf3 288 132 128
3cf3 326 322 116
3cf3 298 486 58
1qvr 494 72 28
1qvr 76 410 166
1bxn 176 78 144
1qvr 18 336 134
1qvr 160 48 94
3cf3 90 488 70
1qvr 276 492 50
1qvr 370 400 186
4d8q 502 140 184
3cf3 200 34 140
1qvr 294 248 112
3cf3 296 238 58
1qvr 258 276 26
1qvr 114 14 14
1qvr 148 272 154
1qvr 398 4 128
3cf3 128 462 92
3cf3 112 300 186
1qvr 282 492 178
1qvr 258 506 104
3cf3 168 316 92
1qvr 418 228 128
3cf3 420 422 98
1qvr 186 240 94
3cf3 40 440 184
1qvr 322 306 132
3cf3 122 374 92
3cf3 102 140 84
1qvr 446 478 48
1qvr 280 488 24
3cf3 66 356 186
1qvr 138 218 124
3cf3 322 452 104
1qvr 282 282 60
3cf3 172 398 16
3cf3 74 336 90
1qvr 470 344 46
3cf3 486 32 26
3cf3 352 320 144
3cf3 162 10 70
3cf3 340 470 46
1qvr 316 144 14
1qvr 166 344 172
3cf3 500 246 132
3cf3 442 34 156
3cf3 380 410 150
3cf3 254 254 70
1qvr 44 298 32
4b4t 34 6 14
3cf3 406 20 10
3cf3 314 124 186
1qvr 394 430 132
1qvr 394 204 128
1qvr 308 148 112
3cf3 88 226 74
3cf3 442 62 70
1qvr 206 380 20
3cf3 216 464 136
3cf3 426 402 112
3cf3 322 302 110
3cf3 62 32 100
3cf3 442 294 94
1qvr 336 416 52
1qvr 186 6 176
1u6g 92 288 176
3cf3 134 308 176
3cf3 52 66 174
3cf3 156 360 150
1u6g 74 462 144
3cf3 330 126 136
3cf3 180 46 70
3cf3 184 424 18
3cf3 14 278 130
1u6g 304 268 100
3cf3 462 218 68
3cf3 200 40 66
3cf3 80 196 64
3cf3 252 80 56
3cf3 202 42 46
1qvr 466 4 28
1qvr 38 450 26
3cf3 74 342 156
3cf3 400 184 106
1qvr 186 132 98
3cf3 364 452 74
3cf3 194 124 136
3cf3 50 186 126
1qvr 236 174 102
3cf3 404 378 80
1qvr 432 210 78
3cf3 154 466 70
1u6g 98 192 32
1qvr 356 132 146
3cf3 314 86 138
1bxn 114 206 138
3cf3 158 382 132
3cf3 496 456 28
3cf3 340 166 10
1qvr 370 312 178
3cf3 276 256 176
3cf3 92 376 132
3cf3 482 176 104
3cf3 320 244 96
3cf3 334 90 68
3cf3 254 220 58
3cf3 350 108 54
3cf3 210 354 162
1qvr 476 118 158
1qvr 242 142 144
3cf3 290 24 118
3cf3 480 362 104
1qvr 322 238 78
3cf3 28 42 76
3cf3 400 456 28
3cf3 308 168 26
3cf3 358 142 166
1qvr 252 244 158
3cf3 22 160 156
1u6g 180 224 134
1qvr 208 134 18
1qvr 386 436 14
1qvr 356 4 170
3cf3 282 112 142
3cf3 364 430 128
1u6g 298 378 96
3cf3 346 262 94
3d2f 300 186 76
3cf3 26 286 160
3cf3 116 494 156
3cf3 340 260 144
3cf3 318 60 126
1qvr 174 52 126
1u6g 448 76 100
3cf3 426 80 86
3cf3 110 100 76
4d8q 22 40 14
1u6g 406 384 174
1qvr 364 432 154
3cf3 430 482 150
1u6g 38 218 142
3cf3 450 462 100
3cf3 316 420 80
3cf3 450 54 48
3cf3 238 26 40
4d8q 6 210 24
3cf3 378 62 22
1qvr 42 116 180
1qvr 236 36 146
1qvr 178 4 144
3cf3 204 356 128
3cf3 396 472 124
3cf3 68 476 124
3cf3 388 290 116
1u6g 276 10 62
1qvr 456 282 22
3cf3 330 54 10
3cf3 44 464 182
3cf3 364 492 158
3cf3 246 472 142
1u6g 150 142 140
3cf3 302 314 90
3cf3 440 28 70
1bxn 78 132 52
3cf3 104 398 32
1qvr 434 208 30
3cf3 112 414 184
3cf3 14 86 180
1qvr 398 280 174
3cf3 214 460 158
1u6g 140 86 132
3cf3 176 390 118
3cf3 108 128 108
1qvr 76 308 18
3d2f 218 78 16
3cf3 336 260 188
3cf3 316 84 164
3d2f 332 344 152
3cf3 24 198 146
3cf3 470 118 140
1u6g 410 150 90
1qvr 290 344 82
3cf3 306 106 30
1u6g 166 258 18
1u6g 502 310 132
1qvr 280 152 130
1u6g 98 506 108
3cf3 182 472 72
1qvr 134 310 58
3cf3 108 272 118
3cf3 24 190 98
3cf3 474 14 66
3cf3 296 404 58
3cf3 288 352 48
1u6g 178 160 44
1qvr 108 494 26
3cf3 368 454 16
3cf3 340 382 50
3cf3 406 230 38
1u6g 242 232 180
3cf3 40 230 174
1qvr 420 140 140
3cf3 172 478 128
1u6g 386 114 110
3cf3 32 126 84
1qvr 70 402 70
3cf3 384 426 68
3cf3 256 272 46
1u6g 456 210 12
3cf3 230 356 166
1qvr 262 362 144
3cf3 6 412 132
3cf3 468 172 126
3cf3 168 408 96
1u6g 50 286 52
1u6g 284 202 42
3cf3 246 466 32
3cf3 284 308 20
3cf3 286 204 14
3cf3 130 148 186
3cf3 122 72 182
3cf3 336 36 182
3cf3 204 64 142
1u6g 482 466 70
3cf3 116 452 58
3cf3 54 336 50
3cf3 32 20 40
3cf3 416 432 22
1u6g 222 216 14
1u6g 410 34 180
3cf3 464 382 96
3cf3 388 192 88
3cf3 108 478 70
3cf3 196 212 64
3cf3 382 24 138
3cf3 386 226 138
3cf3 110 332 128
1qvr 342 242 116
3cf3 318 88 114
3cf3 66 504 16
3d2f 38 136 188
3cf3 48 406 120
1qvr 278 54 116
1qvr 236 470 78
1u6g 256 236 52
1u6g 178 92 188
3d2f 422 248 186
1qvr 56 294 168
1u6g 466 280 144
3cf3 506 176 104
1u6g 370 248 88
3cf3 478 412 84
3d2f 110 62 72
1u6g 182 326 62
1u6g 20 334 50
3cf3 132 454 34
1qvr 506 94 32
3cf3 252 408 28
3cf3 240 172 10
1u6g 336 204 10
3d2f 402 370 8
3cf3 24 320 188
3cf3 328 176 184
1qvr 442 98 152
3cf3 416 294 118
3d2f 416 96 112
3d2f 162 26 110
3cf3 36 314 84
3cf3 240 12 72
3cf3 302 158 56
1u6g 292 404 38
3cf3 436 182 38
3cf3 266 108 14
3cf3 290 234 186
3cf3 176 224 162
3cf3 178 206 64
3d2f 186 16 64
3cf3 276 204 58
3cf3 16 256 52
1qvr 484 408 44
3cf3 30 94 38
3d2f 424 48 36
3cf3 130 102 32
3cf3 8 326 166
3d2f 114 202 128
1bxn 454 256 124
3cf3 404 50 116
1u6g 240 226 100
3cf3 100 276 88
3d2f 258 92 88
1u6g 138 156 80
1u6g 472 58 38
1u6g 70 130 34
3cf3 226 220 32
1u6g 412 230 182
3d2f 132 122 182
3d2f 200 380 178
1u6g 98 106 176
1u6g 138 468 172
1qvr 230 306 38
4b4t 46 66 22
3cf3 188 474 188
3cf3 506 374 186
3cf3 438 90 182
1u6g 310 10 178
3cf3 366 80 160
3cf3 384 376 110
3cf3 258 6 108
1u6g 232 352 104
3d2f 50 328 98
3cf3 94 4 74
1qvr 206 310 60
3cf3 202 408 142
3cf3 414 360 122
3cf3 284 80 102
3cf3 306 110 94
1u6g 376 216 84
1u6g 328 454 56
3d2f 4 390 54
3cf3 386 252 18
3cf3 354 230 188
3d2f 266 24 128
1u6g 482 396 92
3cf3 402 110 74
3cf3 374 158 24
1bxn 184 270 14
1u6g 150 388 176
3cf3 272 298 152
3d2f 298 368 146
1qvr 480 58 106
1u6g 122 230 58
1u6g 78 338 58
3cf3 344 248 10
3cf3 124 380 10
1u6g 352 132 8
1u6g 50 312 184
4d8q 492 306 176
1u6g 298 230 162
3cf3 312 302 160
1u6g 388 490 150
1u6g 140 72 140
3cf3 452 140 126
3d2f 346 454 88
1qvr 4 104 68
1qvr 312 58 182
3cf3 36 32 174
3cf3 182 498 172
3cf3 92 42 172
3d2f 450 324 150
3cf3 478 34 86
3cf3 474 180 82
1u6g 204 288 64
3d2f 60 208 62
1u6g 160 126 50
3d2f 320 398 36
1u6g 66 224 16
3cf3 208 422 12
1qvr 172 412 180
4b4t 502 158 170
3cf3 384 390 134
1u6g 118 450 128
3cf3 354 316 86
1u6g 316 472 62
3cf3 314 202 38
4d8q 22 310 14
1u6g 480 26 166
3cf3 140 162 138
3cf3 220 238 122
3d2f 112 104 104
1u6g 164 28 96
3d2f 326 12 92
3d2f 22 148 76
1qvr 4 476 48
1u6g 76 436 36
3d2f 132 164 32
3d2f 360 38 180
3cf3 408 64 174
3d2f 264 386 156
3d2f 36 160 134
3cf3 66 106 118
3d2f 424 166 112
1u6g 54 172 110
3cf3 134 356 98
3cf3 344 234 94
3cf3 192 234 68
3cf3 218 186 54
3cf3 4 414 44
3d2f 280 426 40
3d2f 470 182 150
1u6g 6 250 140
3cf3 426 14 124
1u6g 62 30 120
1u6g 34 494 114
3cf3 476 84 72
3cf3 76 244 42
3cf3 278 178 32
3cf3 64 278 24
1u6g 360 320 14
1qvr 506 318 14
3cf3 242 4 164
3d2f 180 306 152
3d2f 230 154 114
3cf3 332 282 94
3cf3 22 428 68
1u6g 26 224 56
3d2f 304 28 40
3d2f 150 280 30
3cf3 74 330 18
2cg9 230 414 16
1bxn 450 462 10
3cf3 306 286 180
1qvr 506 322 90
3d2f 62 376 84
3cf3 286 476 78
1u6g 284 264 56
3cf3 48 102 54
1qvr 204 346 50
3d2f 156 334 46
1bxn 190 234 34
1bxn 130 236 24
1bxn 254 180 14
3d2f 332 160 142
3cf3 476 260 122
3cf3 102 72 92
1bxn 404 152 74
1u6g 302 78 38
3d2f 338 444 32
1bxn 488 116 14
1bxn 204 362 12
1u6g 390 248 188
1qvr 50 184 150
1bxn 128 10 106
3d2f 378 498 104
1u6g 320 52 90
1bxn 40 302 62
1bxn 64 172 50
3cf3 168 448 50
1u6g 14 116 48
3cf3 206 72 46
1u6g 38 366 42
3cf3 140 246 168
1bxn 20 88 148
1bxn 74 110 146
3d2f 456 496 138
1bxn 20 200 118
3d2f 236 88 104
1u6g 366 294 90
3cf3 464 158 86
3cf3 134 86 62
1u6g 176 308 62
1u6g 500 460 54
1u6g 114 366 182
3d2f 216 228 178
1u6g 142 340 178
3d2f 28 188 170
1bxn 446 506 152
1bxn 450 224 152
3cf3 178 372 136
3d2f 492 14 136
1u6g 208 156 122
3cf3 48 254 102
1bxn 166 80 82
1u6g 322 372 72
1u6g 176 342 64
1u6g 310 8 62
3d2f 278 326 52
3cf3 164 364 40
3cf3 258 148 192
1u6g 364 502 182
1u6g 142 8 174
3cf3 264 270 136
1u6g 504 178 128
3d2f 336 176 120
3d2f 368 402 120
1bxn 472 122 114
1u6g 352 192 86
3d2f 24 238 84
1bxn 494 28 72
1bxn 54 504 70
1bxn 84 264 70
1bxn 476 320 52
3cf3 146 50 48
1u6g 276 470 44
1bxn 178 54 44
1bxn 496 318 28
3cf3 390 406 18
1bxn 340 12 188
1bxn 20 358 152
1bxn 238 340 136
1u6g 310 346 130
1u6g 358 104 126
3cf3 246 242 126
3cf3 264 260 98
1bxn 98 26 86
1u6g 276 458 28
1u6g 132 214 28
3d2f 342 188 22
3cf3 384 228 8
1bxn 38 270 188
3d2f 278 152 178
1bxn 328 10 144
1u6g 326 404 138
3cf3 278 74 120
1bxn 504 30 102
3cf3 6 258 78
1bxn 480 156 76
1bxn 166 104 64
1bxn 328 120 62
3d2f 56 148 60
3cf3 406 148 52
1u6g 278 276 34
1u6g 192 398 18
1bxn 122 138 12
1qvr 382 506 158
1u6g 186 54 152
1qvr 392 78 146
1u6g 84 262 134
1u6g 254 84 134
3d2f 12 16 132
1bxn 90 326 126
3d2f 486 440 120
1bxn 494 148 116
3d2f 372 360 114
1bxn 436 254 108
2cg9 26 92 86
3cf3 198 214 84
1bxn 434 96 80
3cf3 4 84 78
1bxn 362 334 74
3d2f 486 116 62
1u6g 348 326 48
1bxn 384 232 34
2cg9 128 438 28
3cf3 336 136 184
3d2f 428 50 174
1bxn 438 166 166
1bxn 148 502 158
1bxn 364 68 142
3d2f 338 80 136
1u6g 312 174 134
1bxn 94 40 132
3cf3 36 440 128
1bxn 462 454 126
1bxn 182 356 92
1bxn 48 6 92
1bxn 374 388 86
3cf3 458 364 82
1bxn 188 100 82
1u6g 300 406 76
1u6g 140 386 70
1bxn 362 26 60
1bxn 186 134 46
1u6g 432 378 42
1bxn 472 362 32
1bxn 474 316 6
1bxn 14 494 180
1bxn 186 190 162
3d2f 144 18 148
1u6g 506 156 142
1bxn 458 376 136
1bxn 314 110 134
3d2f 348 88 102
1bxn 202 144 76
1u6g 238 264 50
1bxn 174 224 30
1u6g 174 198 30
3d2f 334 310 16
1u6g 228 306 182
1bxn 18 268 164
1bxn 314 116 156
1bxn 416 278 146
1bxn 118 184 106
1bxn 52 398 106
1u6g 42 40 92
1bxn 112 356 82
1bxn 440 344 76
3d2f 208 426 72
1bxn 304 502 70
2cg9 100 254 66
3d2f 498 438 64
1u6g 440 382 58
1bxn 332 232 50
1u6g 78 210 46
1bxn 24 316 40
1u6g 322 80 22
1u6g 178 488 12
1u6g 274 224 180
3d2f 70 64 160
3cf3 124 440 160
1u6g 66 64 142
3d2f 174 278 142
1bxn 6 50 136
1bxn 336 486 134
1u6g 250 62 130
1bxn 370 454 116
1u6g 10 130 114
1u6g 406 260 110
3d2f 8 476 110
1u6g 160 236 58
1u6g 66 388 48
4b4t 8 184 26
1bxn 314 312 16
3d2f 266 384 182
3cf3 368 454 174
3d2f 176 464 162
1u6g 60 484 156
1bxn 160 310 154
1u6g 222 288 144
3d2f 74 184 126
1u6g 128 124 110
3cf3 142 488 100
3d2f 266 110 100
1u6g 46 220 84
1bxn 424 260 80
1bxn 284 110 78
1u6g 8 278 76
1bxn 404 276 70
1bxn 142 224 70
1bxn 20 354 50
1u6g 350 276 50
1u6g 342 12 48
1u6g 70 74 10
1bxn 122 96 8
1u6g 446 14 186
1bxn 214 410 166
3cf3 268 6 148
1u6g 6 368 140
3d2f 202 292 130
2cg9 88 266 116
1bxn 442 312 112
1bxn 392 68 100
3d2f 408 402 98
1bxn 398 84 82
3cf3 346 302 50
1u6g 48 148 28
1u6g 294 330 18
1u6g 266 144 16
3cf3 366 250 16
4d8q 28 344 14
1bxn 188 350 12
3cf3 410 232 10
1u6g 506 66 188
1u6g 292 408 186
3d2f 294 56 186
3cf3 334 278 182
3d2f 130 192 176
3d2f 88 490 176
1bxn 218 164 166
3d2f 506 134 140
3cf3 290 404 134
1bxn 446 238 132
3d2f 468 212 130
1bxn 258 416 124
1u6g 382 476 102
1bxn 390 230 92
1bxn 314 290 88
3d2f 496 56 82
1bxn 178 406 74
1bxn 382 302 56
3cf3 464 238 42
1u6g 98 432 36
1bxn 224 462 16
1u6g 424 208 10
3cf3 472 444 166
1bxn 296 304 150
1u6g 216 126 148
1bxn 80 244 146
1bxn 312 410 128
3d2f 208 422 114
3d2f 6 80 114
3d2f 274 434 114
1bxn 60 172 90
1bxn 58 136 86
1bxn 374 48 70
1u6g 438 364 60
1u6g 320 504 56
1bxn 238 280 48
1u6g 114 74 46
2cg9 480 450 44
1bxn 424 322 14
1bxn 442 294 186
3d2f 210 284 164
3cf3 202 90 162
1u6g 48 460 162
3d2f 492 480 148
1bxn 122 48 126
1u6g 112 244 114
3d2f 292 390 114
2cg9 40 278 110
1bxn 200 166 102
1bxn 104 188 100
1bxn 394 88 98
1bxn 320 202 66
1bxn 150 320 66
1u6g 456 186 58
1u6g 220 380 42
3cf3 50 426 28
1bxn 492 94 26
1u6g 480 300 24
1bxn 54 296 192
3cf3 208 164 184
1u6g 442 352 174
1u6g 366 98 152
1bxn 448 36 128
1bxn 434 390 90
1bxn 254 198 72
1bxn 46 406 70
1u6g 348 254 30
3d2f 228 348 24
1u6g 248 334 24
1bxn 312 382 20
1bxn 484 252 18
1u6g 282 66 16
4b4t 38 368 12
1u6g 250 372 12
1u6g 468 30 8
1bxn 350 396 184
1bxn 110 206 156
1bxn 338 32 154
3cf3 492 372 140
1bxn 462 330 132
1u6g 56 76 124
3cf3 340 450 114
3d2f 290 406 104
1bxn 258 204 92
3d2f 46 438 68
1qvr 500 238 62
1bxn 446 456 48
3d2f 368 28 40
1bxn 70 248 182
2cg9 22 416 180
3d2f 402 340 166
1u6g 502 178 152
1bxn 260 204 122
1bxn 450 440 96
1u6g 150 382 88
1u6g 378 286 66
1bxn 124 366 64
1bxn 326 154 54
1bxn 258 154 50
1bxn 192 200 182
3d2f 116 260 180
1qvr 140 412 172
3cf3 378 268 170
1u6g 484 338 108
3d2f 290 276 88
1bxn 218 236 84
3cf3 260 66 78
1bxn 480 278 68
1bxn 254 376 66
1qvr 8 272 192
1bxn 504 448 192
3d2f 344 118 188
1bxn 238 274 148
1bxn 442 338 146
1u6g 278 364 142
1u6g 386 210 106
1u6g 152 80 96
3d2f 442 170 94
1bxn 138 438 90
1bxn 498 202 78
1u6g 342 2 70
2cg9 188 446 54
2cg9 62 302 44
1u6g 380 104 38
3cf3 414 272 22
3cf3 106 242 188
1bxn 408 214 166
1u6g 508 228 108
1bxn 308 444 88
1bxn 378 338 72
1bxn 224 162 50
1bxn 270 10 38
3d2f 506 26 36
1u6g 122 414 30
1bxn 374 476 132
1bxn 126 16 122
3d2f 414 54 90
1u6g 340 160 88
1bxn 40 16 74
1bxn 184 260 28
1u6g 480 154 24
1bxn 352 34 22
3cf3 452 38 180
3cf3 346 422 158
1bxn 260 490 156
1u6g 120 472 148
1u6g 320 454 142
1bxn 346 14 118
3d2f 194 444 114
1bxn 448 478 114
3cf3 54 122 62
3d2f 254 354 44
3cf3 508 502 28
1u6g 360 8 10
1u6g 202 430 180
2cg9 444 50 152
1u6g 414 336 60
3cf3 336 92 44
3d2f 364 260 40
1u6g 464 130 40
1bxn 424 268 186
1bxn 266 108 168
2cg9 48 316 166
1bxn 422 72 152
1bxn 412 206 134
1u6g 242 322 130
3d2f 374 130 46
3d2f 324 122 32
3d2f 86 174 170
1u6g 400 82 164
3d2f 384 14 160
3d2f 72 8 156
1bxn 168 102 156
1u6g 54 226 154
1bxn 96 260 152
1bxn 84 492 128
3cf3 92 76 124
3d2f 176 274 118
1bxn 8 218 116
3d2f 10 458 110
3cf3 4 230 70
3cf3 192 398 34
1u6g 332 482 192
1u6g 396 342 190
1bxn 90 330 144
3cf3 152 438 140
3d2f 60 272 132
2cg9 262 70 106
1bxn 428 480 104
3d2f 80 32 88
1u6g 176 492 82
1bxn 28 240 64
3d2f 426 504 58
3cf3 126 330 190
1u6g 220 356 144
3d2f 406 162 114
2cg9 318 428 114
1bxn 396 350 110
2cg9 344 138 98
3d2f 404 484 68
2cg9 204 156 64
1bxn 36 322 56
1u6g 100 430 16
1u6g 390 508 188
2cg9 474 134 172
1bxn 68 160 132
3d2f 322 244 128
1bxn 188 412 98
3cf3 168 224 98
1bxn 200 324 80
3cf3 402 170 78
1u6g 260 406 60
1bxn 342 490 54
1u6g 206 90 40
1qvr 244 376 40
2cg9 146 318 32
3d2f 444 52 26
1u6g 488 282 18
3d2f 378 140 16
2cg9 232 288 14
3d2f 220 430 156
2cg9 72 446 132
1u6g 492 162 130
1u6g 382 142 102
1bxn 236 118 100
1u6g 118 508 98
3cf3 136 506 82
2cg9 322 176 76
1bxn 488 178 46
3d2f 502 436 46
1u6g 206 472 46
3d2f 78 88 44
3d2f 156 22 44
1bxn 398 32 40
2cg9 430 354 12
3cf3 208 4 146
3d2f 40 290 110
3d2f 30 332 102
3d2f 282 62 98
1u6g 226 246 54
3d2f 184 480 40
1u6g 484 136 32
4d8q 44 280 14
1u6g 276 60 186
3d2f 436 368 184
1bxn 474 416 176
2cg9 220 396 170
2cg9 282 404 162
1bxn 56 328 116
1u6g 154 396 66
3d2f 278 302 58
2cg9 340 206 32
2cg9 438 508 22
2cg9 150 306 8
1u6g 2 302 182
1bxn 46 256 140
2cg9 150 408 122
3cf3 226 120 116
2cg9 462 502 110
1bxn 412 356 96
2cg9 170 458 92
2cg9 144 330 80
2cg9 296 456 52
1u6g 40 46 52
2cg9 148 36 22
1bxn 130 90 172
3d2f 344 414 138
3d2f 36 370 132
1u6g 166 164 104
3cf3 228 396 98
2cg9 184 380 96
3d2f 72 270 46
2cg9 118 478 186
3d2f 134 378 178
2cg9 192 304 168
2cg9 256 4 128
2cg9 130 34 128
2cg9 346 306 122
1u6g 294 208 118
2cg9 102 304 112
2cg9 276 424 96
3d2f 164 336 82
3d2f 160 248 80
2cg9 72 468 72
1bxn 182 348 46
1u6g 412 116 24
3d2f 132 364 188
2cg9 308 154 180
2cg9 194 348 146
3cf3 290 434 146
3d2f 94 476 144
2cg9 116 194 142
3d2f 400 410 142
1bxn 224 326 110
2cg9 106 312 96
2cg9 484 292 78
2cg9 270 150 78
2cg9 158 446 76
2cg9 426 422 70
2cg9 226 334 58
2cg9 182 260 182
2cg9 132 162 162
2cg9 458 18 162
2cg9 380 100 154
2cg9 164 328 26
3cf3 196 194 22
3d2f 84 238 20
1u6g 378 210 188
3cf3 6 372 124
1u6g 116 32 98
1u6g 312 366 92
1bxn 162 102 78
2cg9 238 182 60
2cg9 162 270 58
2cg9 358 232 58
2cg9 200 490 36
3d2f 344 74 34
2cg9 294 392 12
3cf3 394 2 188
2cg9 504 506 188
2cg9 350 360 168
1qvr 502 508 166
1u6g 146 134 162
3d2f 386 402 106
2cg9 380 100 96
1u6g 348 20 86
2cg9 342 144 70
2cg9 198 218 164
3d2f 380 180 110
1u6g 8 2 102
1u6g 310 108 76
3d2f 22 94 70
2cg9 210 86 70
3d2f 372 386 10
1u6g 162 122 182
1u6g 444 74 168
3cf3 150 104 148
2cg9 376 160 146
2cg9 4 100 146
2cg9 86 278 144
3h84 402 174 16
2cg9 240 260 8
2cg9 416 14 180
2cg9 120 338 164
2cg9 14 248 156
2cg9 68 290 150
1qvr 502 506 118
2cg9 48 58 78
3d2f 190 368 70
1u6g 114 500 62
1u6g 244 2 32
2cg9 226 168 192
4d8q 480 156 180
2cg9 316 320 168
2cg9 236 250 168
1u6g 432 254 126
2cg9 204 120 120
1u6g 414 4 92
3d2f 2 386 80
1u6g 286 220 16
2cg9 64 138 190
2cg9 196 378 162
2cg9 18 134 150
2cg9 54 446 146
2cg9 4 392 132
2cg9 442 8 78
2cg9 206 114 66
3d2f 2 194 62
2cg9 362 494 52
3d2f 108 34 22
2cg9 382 444 154
1u6g 270 456 100
2cg9 58 498 94
3d2f 416 192 80
1u6g 50 164 52
2cg9 230 156 18
2cg9 428 68 18
3d2f 508 252 16
3cf3 504 492 186
2cg9 192 322 164
2cg9 74 386 130
3d2f 114 108 128
3d2f 344 86 122
2cg9 118 78 122
2cg9 82 96 112
2cg9 130 98 112
2cg9 94 338 112
1u6g 36 344 64
2cg9 308 94 50
2cg9 14 274 48
2cg9 330 10 34
2cg9 346 360 20
2cg9 154 86 12
2cg9 408 422 174
2cg9 498 218 138
2cg9 274 414 134
2cg9 280 310 106
1u6g 158 506 102
2cg9 246 490 52
3d2f 308 98 184
1u6g 446 262 180
3d2f 450 416 172
2cg9 180 386 158
3d2f 78 86 146
2cg9 24 308 142
1u6g 474 422 132
2cg9 8 508 56
2cg9 124 506 44
1u6g 336 494 156
2cg9 484 264 152
3h84 8 296 144
2cg9 126 444 132
2cg9 56 466 52
3d2f 106 174 184
2cg9 314 108 170
2cg9 432 14 160
3d2f 506 38 130
2cg9 178 354 126
3d2f 186 410 124
1u6g 96 72 110
3d2f 2 20 92
2cg9 202 358 34
2cg9 364 224 170
3cf3 506 44 168
1u6g 506 238 156
2cg9 240 382 154
2cg9 142 222 138
2cg9 508 486 130
2cg9 358 30 114
2cg9 308 126 112
2cg9 120 228 108
3h84 452 320 50
1u6g 144 252 36
1u6g 446 152 192
1u6g 376 122 182
2cg9 372 414 164
2cg9 272 42 152
2cg9 172 36 150
1u6g 164 214 146
2cg9 174 354 144
3h84 198 466 118
3h84 42 168 78
3d2f 434 186 72
3d2f 398 246 40
3d2f 116 470 36
2cg9 396 368 154
3h84 64 250 150
2cg9 368 324 150
1u6g 508 8 134
2cg9 420 282 102
1u6g 246 110 84
3d2f 440 406 54
2cg9 8 498 44
2cg9 252 138 34
1u6g 220 488 28
1u6g 504 278 20
1u6g 114 200 20
1qvr 500 88 194
2cg9 424 332 188
2cg9 366 184 172
2cg9 346 88 164
1u6g 504 68 158
2cg9 246 114 132
2cg9 460 352 122
1u6g 96 414 104
2cg9 360 152 88
1u6g 210 394 76
2cg9 36 376 68
2cg9 128 400 58
2cg9 140 4 26
1u6g 446 256 164
1u6g 230 508 158
2cg9 264 446 146
2cg9 72 100 64
1u6g 6 188 192
2cg9 100 178 134
2cg9 62 2 114
2cg9 188 474 96
3d2f 6 476 84
2cg9 392 328 54
3h84 492 254 44
2cg9 118 270 30
2cg9 492 344 148
3h84 366 362 142
3d2f 332 414 118
3gl1 206 4 62
2cg9 94 2 56
2cg9 170 142 50
4b4t 108 314 44
4b4t 2 126 32
2cg9 412 52 8
2cg9 304 272 172
2cg9 328 320 98
3h84 92 32 68
2cg9 470 372 66
3h84 410 192 188
2cg9 384 220 162
3d2f 190 436 150
2cg9 298 258 144
3d2f 158 352 122
3h84 248 74 24
2cg9 312 190 16
2cg9 120 20 190
3d2f 184 38 186
2cg9 272 204 140
2cg9 298 490 138
2cg9 508 116 108
3d2f 508 202 102
2cg9 436 436 92
1u6g 216 142 50
2cg9 276 456 10
1u6g 4 326 188
2cg9 102 64 178
3h84 238 494 152
2cg9 454 230 104
3h84 252 28 80
2cg9 496 224 36
1u6g 50 218 18
2cg9 280 294 14
3d2f 4 444 166
2cg9 360 248 164
1u6g 464 302 132
2cg9 224 184 118
2cg9 342 474 100
2cg9 270 136 96
3d2f 508 348 90
2cg9 342 28 70
3d2f 232 62 64
3h84 10 26 52
3h84 478 470 34
2cg9 284 346 22
2cg9 280 164 154
3d2f 184 246 128
3h84 446 102 124
3d2f 40 68 122
2cg9 114 382 116
2cg9 110 158 106
2cg9 24 398 50
2cg9 78 334 36
2cg9 158 178 178
2cg9 278 44 172
2cg9 160 434 108
2cg9 200 26 98
2cg9 152 302 68
2cg9 316 136 64
2cg9 104 126 174
3d2f 406 258 174
2cg9 218 206 172
2cg9 370 134 128
2cg9 366 8 76
3h84 268 134 66
1u6g 112 94 50
2cg9 230 50 36
3h84 380 56 148
1u6g 52 34 148
2cg9 354 476 118
2cg9 434 60 96
2cg9 210 54 92
2cg9 330 264 86
2cg9 182 258 68
3h84 414 118 54
3d2f 428 448 32
4d8q 16 18 26
3d2f 286 490 6
3d2f 310 252 186
2cg9 300 344 156
2cg9 402 18 154
3h84 60 20 138
3h84 506 434 126
2cg9 216 270 112
2cg9 102 6 98
2cg9 362 504 92
3gl1 128 430 66
2cg9 104 170 42
3d2f 432 508 168
2cg9 78 134 128
3gl1 416 68 112
3h84 218 98 92
3gl1 372 262 84
2cg9 16 92 50
2cg9 504 128 42
2cg9 290 12 42
2cg9 44 162 14
4d8q 474 372 190
2cg9 306 326 142
3h84 444 332 130
3d2f 142 490 118
3h84 300 8 114
2cg9 120 336 66
2cg9 328 246 62
2cg9 212 110 52
2cg9 150 174 24
3h84 272 474 182
3h84 64 418 124
3h84 486 128 96
3h84 164 148 88
3gl1 190 142 64
2cg9 66 456 48
3d2f 502 352 18
2cg9 348 86 12
1u6g 274 406 6
2cg9 158 354 190
2cg9 450 396 186
3gl1 344 18 142
2cg9 426 298 194
3d2f 44 508 182
1u6g 462 482 180
2cg9 306 332 114
3h84 90 358 110
2cg9 152 128 92
3h84 228 66 82
2cg9 100 376 74
3h84 130 170 64
2cg9 248 202 56
2cg9 102 226 56
3h84 256 98 190
3h84 86 262 170
3h84 490 204 116
2cg9 372 206 100
2cg9 154 360 68
3gl1 504 368 66
3h84 454 320 64
2cg9 474 44 44
2cg9 422 246 30
3h84 508 6 16
3h84 430 244 12
1u6g 318 400 184
2cg9 206 508 180
2cg9 316 506 172
3gl1 330 242 150
1qvr 100 124 142
2cg9 40 296 88
2cg9 504 46 52
3h84 268 434 20
3h84 106 306 170
3gl1 102 42 152
2cg9 310 370 130
2cg9 84 486 82
3h84 128 408 78
2cg9 264 338 22
2cg9 234 386 168
2cg9 196 80 124
2cg9 350 152 120
3h84 86 344 186
2cg9 320 288 182
2cg9 212 190 146
3h84 48 462 140
3h84 504 114 132
2cg9 338 264 72
3gl1 64 180 184
3h84 196 196 114
2cg9 462 2 92
3gl1 130 176 148
3h84 240 428 142
2cg9 452 132 98
3h84 278 42 84
3d2f 310 70 78
2cg9 74 144 76
2cg9 452 190 76
2cg9 28 164 58
1u6g 504 300 148
2cg9 108 14 122
3gl1 490 156 102
3gl1 310 26 80
2cg9 188 274 54
3gl1 98 466 52
2cg9 396 42 26
3gl1 186 124 24
1u6g 490 24 4
2cg9 418 58 190
3gl1 320 456 130
3h84 318 50 106
2cg9 124 330 96
3gl1 184 86 58
3h84 72 412 44
3h84 456 310 28
2cg9 198 288 192
3h84 46 346 188
3h84 340 238 152
3gl1 98 478 124
3gl1 494 304 108
2cg9 182 364 46
4d8q 4 58 26
3gl1 256 228 88
3h84 346 112 12
3h84 424 506 194
2cg9 158 256 180
1u6g 204 508 156
3h84 480 138 130
3gl1 40 344 120
2cg9 88 186 108
3gl1 192 62 64
3h84 422 486 52
3gl1 324 58 28
3h84 326 320 186
2cg9 374 288 156
3gl1 454 354 146
2cg9 170 96 132
2cg9 270 370 62
3h84 72 436 54
3gl1 112 156 24
1u6g 2 476 16
2cg9 474 10 12
3h84 446 482 168
3h84 250 448 132
2cg9 244 502 130
3h84 172 500 124
3h84 390 256 72
1u6g 378 228 72
3gl1 156 196 54
2cg9 150 468 52
3d2f 352 482 178
2cg9 58 502 154
3gl1 398 106 128
1s3x 264 242 88
2cg9 188 114 58
3gl1 146 250 16
3gl1 360 126 184
3gl1 348 108 144
3gl1 474 340 128
3gl1 306 38 80
3h84 430 66 48
1qvr 12 166 194
3h84 500 334 134
3gl1 478 492 132
3gl1 162 150 128
3gl1 84 508 124
3gl1 252 134 88
2cg9 60 26 68
3h84 18 494 62
3gl1 208 226 40
3h84 154 52 124
3h84 500 134 62
2cg9 28 488 40
3gl1 506 296 28
3gl1 172 120 26
3h84 180 502 194
3h84 506 88 94
1s3x 68 500 74
3gl1 376 170 42
3d2f 50 192 32
3h84 200 62 16
3gl1 438 264 12
2cg9 210 486 166
3gl1 326 468 120
3gl1 216 334 78
3gl1 188 356 70
3h84 492 308 48
3h84 62 64 42
3h84 256 174 34
3gl1 326 14 20
1s3x 496 404 18
3h84 422 132 186
3h84 286 426 178
3gl1 460 480 122
3h84 34 400 102
3h84 138 156 102
3gl1 354 260 66
3gl1 314 332 36
2cg9 242 368 26
4b4t 38 508 10
2cg9 126 428 190
3h84 424 34 166
3gl1 18 114 148
3gl1 242 194 134
3h84 368 88 124
2cg9 210 84 112
2cg9 2 280 98
3h84 486 308 90
3gl1 376 354 80
3h84 4 294 64
3gl1 470 356 162
3gl1 126 370 138
3h84 104 156 120
2cg9 336 152 108
3h84 378 104 76
3h84 74 288 72
3gl1 16 44 52
3h84 32 2 48
3gl1 256 204 36
3gl1 288 506 30
3gl1 224 54 8
3h84 236 354 188
4d8q 460 352 184
3gl1 280 472 166
3gl1 188 430 128
3gl1 406 408 120
3gl1 86 380 90
2cg9 192 442 88
3h84 432 134 76
3h84 328 352 24
3gl1 80 316 192
3h84 260 508 182
3h84 326 262 166
3h84 336 180 146
3h84 304 478 118
1s3x 302 64 114
3h84 232 4 110
3gl1 410 372 96
2cg9 394 298 94
3gl1 444 500 92
3h84 122 336 46
3qm1 326 112 46
3d2f 54 2 32
4d8q 4 318 30
3h84 206 470 12
2cg9 376 474 166
1u6g 482 284 164
3gl1 406 38 154
3h84 192 254 148
3h84 106 324 148
3gl1 78 94 134
3h84 138 48 108
3gl1 256 150 94
2cg9 76 216 90
3gl1 294 4 30
3h84 196 84 180
3gl1 18 440 162
2cg9 14 382 160
3gl1 134 190 132
3gl1 138 60 106
3gl1 180 462 52
3gl1 418 264 44
1u6g 20 422 38
3gl1 420 86 170
3gl1 502 210 158
3h84 488 362 128
3h84 8 166 48
3gl1 478 266 42
3gl1 182 38 28
2cg9 284 94 170
3gl1 366 168 134
3h84 172 114 130
3gl1 134 142 120
3h84 498 360 110
3h84 18 314 100
3gl1 406 130 84
3gl1 218 18 40
3gl1 302 364 28
1u6g 2 430 14
2cg9 2 2 14
1qvr 500 226 8
3h84 484 154 158
3gl1 386 504 80
3gl1 256 506 44
3h84 382 4 44
3gl1 402 374 42
1s3x 88 394 40
3gl1 354 446 36
3gl1 500 262 16
3cf3 10 352 4
3gl1 246 268 164
3gl1 262 182 136
3gl1 486 310 122
3gl1 152 400 110
3gl1 374 180 84
2cg9 100 126 32
1u6g 28 192 24
2cg9 424 16 8
3qm1 446 232 172
3gl1 14 122 164
3gl1 326 280 164
3gl1 168 452 134
3h84 426 120 126
3gl1 118 186 122
3h84 84 164 40
1s3x 312 476 10
3h84 158 494 184
3h84 246 266 184
3gl1 290 10 172
3gl1 238 250 140
3gl1 30 292 124
3h84 482 222 72
3h84 118 40 54
2cg9 364 302 28
3cf3 38 474 18
2cg9 170 40 16
3gl1 434 286 8
2cg9 62 482 6
3h84 114 282 186
3gl1 68 508 184
3h84 102 416 168
3gl1 2 408 162
3h84 226 412 136
3gl1 2 448 56
4b4t 4 380 28
3gl1 416 148 24
2cg9 458 106 186
1u6g 504 286 168
3gl1 178 252 162
3h84 504 508 148
3gl1 100 216 112
3h84 508 148 102
3gl1 432 328 80
3qm1 112 36 72
3gl1 234 88 62
3qm1 388 84 34
3gl1 494 240 20
3d2f 504 400 12
3h84 402 150 186
1s3x 306 418 168
3h84 296 426 82
2cg9 148 434 66
3gl1 438 160 64
3gl1 26 10 62
3h84 230 506 18
4d8q 24 396 12
4d8q 478 74 186
3gl1 480 508 170
1s3x 456 434 162
3h84 332 290 150
1s3x 110 84 148
3gl1 330 468 146
3qm1 196 340 100
3gl1 20 60 94
1s3x 364 50 84
3h84 344 298 68
3gl1 90 378 54
3gl1 130 12 44
3gl1 432 296 30
1qvr 8 2 28
3gl1 326 458 24
3h84 374 362 10
3gl1 118 174 78
3h84 208 170 46
3h84 306 256 14
1u6g 504 306 190
3h84 64 160 190
3h84 244 508 190
3h84 22 234 158
3gl1 140 410 148
3qm1 402 70 128
2cg9 448 478 68
3qm1 236 40 16
3h84 270 124 194
3gl1 170 164 192
1u6g 508 458 166
3gl1 262 240 106
3h84 44 68 98
3gl1 184 324 94
4d8q 8 104 24
1s3x 294 472 18
3gl1 218 280 12
3gl1 356 44 6
3gl1 90 358 194
3qm1 432 128 158
3qm1 504 0 118
3h84 376 374 82
3gl1 82 122 76
3h84 508 160 20
1s3x 194 228 18
3qm1 360 282 182
3h84 296 452 168
3gl1 296 28 166
1s3x 60 440 84
3gl1 288 148 76
1s3x 128 24 56
3gl1 176 458 28
1s3x 228 306 18
3h84 104 228 4
1s3x 54 250 196
3h84 294 454 188
3h84 426 146 166
3qm1 230 482 158
3qm1 50 238 140
3h84 4 350 110
3qm1 102 202 100
1s3x 358 130 30
1s3x 372 336 18
3gl1 346 176 186
4d8q 486 430 178
2cg9 8 144 168
1s3x 96 28 144
3gl1 398 348 80
3h84 222 250 30
1u6g 494 340 188
1s3x 244 154 172
4d8q 494 66 170
3gl1 364 220 150
1s3x 426 198 120
3h84 448 62 112
3gl1 218 504 106
3gl1 304 500 30
4d8q 498 196 172
3qm1 250 508 164
3gl1 414 296 152
3qm1 476 468 150
3h84 356 210 86
1s3x 392 114 40
1s3x 282 160 32
1u6g 506 418 8
1s3x 50 218 188
3gl1 394 450 176
3h84 414 132 170
1s3x 318 210 164
1u6g 500 178 6
3h84 118 500 2
3h84 326 230 170
3h84 276 426 162
3qm1 78 472 160
3qm1 2 78 150
3h84 208 218 126
3qm1 508 508 100
3qm1 460 166 66
3gl1 76 8 62
1s3x 506 470 36
3gl1 424 70 34
3qm1 466 508 32
1u6g 506 158 186
4d8q 462 192 186
3h84 160 182 162
1s3x 316 200 136
3h84 38 2 114
3gl1 368 442 100
1s3x 4 430 86
3qm1 260 38 68
1s3x 276 234 60
1s3x 70 2 48
3gl1 436 354 28
1s3x 198 252 26
2cg9 206 2 12
1s3x 460 126 168
1s3x 354 446 126
3gl1 472 378 116
3qm1 98 252 52
3qm1 500 72 48
1s3x 266 318 28
3gl1 212 136 164
3qm1 28 408 136
3qm1 44 440 110
3qm1 446 90 110
1s3x 510 46 100
3qm1 478 462 100
1s3x 116 348 98
1s3x 38 210 98
1s3x 352 132 72
3qm1 262 436 70
1s3x 282 372 50
3qm1 6 306 50
3h84 506 118 30
4d8q 16 458 22
3d2f 508 98 14
1s3x 452 258 4
3qm1 50 494 180
3qm1 62 506 128
3qm1 64 402 92
3qm1 148 22 86
1s3x 100 446 66
3h84 254 338 60
3h84 436 348 46
3qm1 94 106 40
3qm1 130 326 40
1s3x 192 342 32
1s3x 272 162 14
3qm1 100 510 14
1s3x 252 270 2
3qm1 92 346 172
3h84 326 120 172
2cg9 426 482 172
1s3x 458 498 172
4b4t 506 0 170
1s3x 264 276 162
3qm1 316 30 156
1s3x 48 284 140
3qm1 16 100 106
3h84 164 208 94
1s3x 146 258 88
2cg9 24 292 88
3qm1 58 378 66
1s3x 406 464 44
1s3x 274 216 32
1s3x 180 206 6
3h84 386 168 182
3qm1 120 456 178
1s3x 270 472 152
3h84 336 214 142
3qm1 250 136 124
3qm1 160 272 118
1s3x 0 332 70
3qm1 424 326 46
3h84 362 2 46
1s3x 186 84 32
1u6g 498 234 196
3h84 280 86 194
1u6g 502 178 186
2cg9 482 2 180
3h84 140 46 152
3qm1 148 186 136
2cg9 336 74 102
1s3x 468 58 74
2cg9 38 456 46
3qm1 494 290 46
3qm1 236 428 34
1u6g 496 304 2
3h84 72 20 194
3qm1 38 98 170
3qm1 230 116 164
1s3x 198 460 138
3h84 498 290 134
1s3x 404 90 130
3qm1 96 456 126
3qm1 34 102 116
1s3x 274 96 112
1s3x 0 106 100
3qm1 366 134 84
3qm1 24 10 84
3qm1 56 322 76
3h84 508 32 70
3qm1 62 14 66
3qm1 176 128 64
3qm1 420 308 50
3h84 256 356 192
4d8q 468 450 186
2cg9 38 332 184
4d8q 468 118 184
3h84 80 320 168
2cg9 212 316 166
1s3x 180 508 146
4b4t 506 352 52
3h84 490 204 46
1s3x 312 366 42
3qm1 400 390 28
4d8q 16 336 6
3qm1 308 76 2
1s3x 342 422 196
3cf3 498 208 194
3qm1 162 192 188
3h84 164 140 186
3gl1 34 194 186
3qm1 156 222 182
3qm1 438 344 122
1s3x 502 18 122
3qm1 256 162 114
1s3x 168 274 90
1s3x 182 0 84
1s3x 144 242 78
3h84 168 290 74
3qm1 124 46 74
1s3x 210 310 40
1s3x 38 310 36
1s3x 462 260 28
1s3x 238 8 10
4d8q 484 118 182
3qm1 0 360 168
3qm1 6 236 160
3gl1 430 258 156
3h84 490 178 68
3h84 400 460 58
2cg9 18 48 40
4d8q 20 410 16
1s3x 342 338 14
3qm1 194 182 194
1s3x 282 330 190
3qm1 300 470 170
1s3x 376 208 168
3gl1 120 402 166
3qm1 482 422 160
3h84 346 164 158
1s3x 416 190 154
2cg9 286 232 142
1s3x 484 172 142
1s3x 62 402 136
1s3x 144 316 136
1s3x 314 416 102
1s3x 208 452 88
3qm1 346 344 74
1s3x 36 132 68
1s3x 78 28 48
1s3x 192 194 40
3h84 108 196 4
1s3x 62 342 172
3qm1 108 242 168
4d8q 496 478 168
3h84 120 112 168
3qm1 416 250 154
3qm1 116 78 106
3h84 30 346 82
1s3x 260 450 82
1s3x 438 410 80
1s3x 318 436 74
1s3x 202 446 52
3qm1 474 298 52
3qm1 66 0 16
1s3x 330 406 8
1s3x 412 384 6
3h84 102 102 2
1s3x 202 496 196
1s3x 500 288 196
3h84 4 200 172
3qm1 282 358 172
1s3x 290 292 162
3qm1 194 324 142
1s3x 126 300 132
3qm1 2 234 132
1s3x 262 170 98
3qm1 444 108 98
1s3x 224 338 94
1s3x 294 362 76
1s3x 20 294 54
3h84 426 28 44
1u6g 34 394 24
1s3x 84 508 24
3qm1 450 412 20
1s3x 504 332 2
1s3x 252 312 196
3gl1 284 370 186
3qm1 212 370 186
3qm1 184 222 184
3qm1 206 406 180
3qm1 396 180 180
3h84 326 366 178
1s3x 354 334 176
1s3x 456 456 164
1s3x 450 14 144
1s3x 316 2 130
3gl1 200 498 112
1s3x 88 282 106
3gl1 490 480 102
1s3x 118 284 102
1s3x 474 72 94
3qm1 220 4 92
1s3x 504 262 70
3qm1 196 460 70
3h84 172 424 66
1s3x 394 474 40
1s3x 486 6 30
1qvr 504 436 12
3qm1 450 162 2
3h84 80 68 194
1s3x 264 214 194
1s3x 178 112 194
3qm1 156 438 190
3qm1 408 462 188
3gl1 346 160 178
2cg9 132 230 176
1s3x 66 188 170
3h84 16 218 166
1s3x 334 436 162
3qm1 118 172 160
1s3x 234 80 88
3qm1 144 448 78
1s3x 230 168 76
3h84 156 126 68
1s3x 444 108 64
1s3x 316 24 58
3qm1 2 72 58
1s3x 44 490 42
3h84 50 262 36
1s3x 364 174 18
1s3x 222 320 16
1s3x 416 0 14
3h84 506 508 10
1s3x 164 32 0
3gl1 438 252 192
1s3x 404 430 192
1s3x 422 398 182
1s3x 302 506 146
1s3x 46 388 136
1s3x 458 10 118
1s3x 436 510 108
1s3x 268 486 102
3qm1 50 346 94
3qm1 468 2 78
3qm1 46 282 72
3qm1 322 78 60
1s3x 26 510 36
3qm1 508 48 24
1s3x 244 324 8
4d8q 464 38 194
3h84 228 284 190
1u6g 508 124 190
3qm1 290 338 178
3qm1 282 180 154
3qm1 162 6 148
1s3x 226 0 128
3qm1 448 292 122
3gl1 208 324 110
1s3x 468 244 106
3qm1 398 440 98
1s3x 268 122 80
3h84 4 292 48
3qm1 220 324 36
1s3x 282 100 12
3qm1 284 18 188
1s3x 252 416 186
1s3x 112 92 178
1s3x 126 508 162
3qm1 508 30 152
1s3x 368 84 142
3qm1 508 74 132
3qm1 258 420 108
1s3x 48 110 104
1s3x 84 142 92
3qm1 6 456 66
1s3x 168 180 42
3qm1 502 198 28
3qm1 506 264 28
4d8q 36 108 22
4d8q 6 304 18
3qm1 440 8 16
1s3x 186 284 184
4b4t 52 400 176
1s3x 460 280 168
3qm1 0 272 156
3qm1 310 146 132
3qm1 148 2 102
1s3x 138 204 94
1s3x 384 0 82
3qm1 388 182 50
1s3x 372 324 46
1s3x 8 458 42
1s3x 326 426 24
1s3x 258 304 16
4d8q 18 188 10
1s3x 214 228 0
1s3x 34 510 196
1s3x 402 120 196
1s3x 406 260 196
4d8q 460 138 190
4d8q 468 228 182
3qm1 460 246 178
1s3x 22 400 154
3h84 256 404 150
3qm1 386 326 124
1s3x 148 282 98
1s3x 418 120 98
1s3x 18 440 88
1s3x 240 348 86
1s3x 374 430 86
3qm1 256 314 64
1s3x 454 346 16
3h84 176 504 4
1s3x 476 422 4
1s3x 40 20 196
1u6g 504 26 190
3qm1 388 234 162
1s3x 248 0 148
1s3x 428 58 128
3qm1 102 384 108
1s3x 24 376 52
2cg9 44 262 22
3qm1 186 28 6
1s3x 246 398 196
3qm1 444 196 192
1s3x 454 342 170
1s3x 508 312 160
3qm1 98 348 150
3qm1 94 362 144
1s3x 68 490 136
1s3x 212 66 66
1s3x 150 0 52
3qm1 4 2 50
3qm1 448 224 48
1s3x 464 216 46
1s3x 264 68 42
1s3x 192 510 28
1s3x 226 36 24
1u6g 56 450 14
2cg9 4 378 12
1s3x 158 342 10
4b4t 298 138 6
1s3x 370 50 4
3h84 112 446 4
1s3x 180 376 196
3h84 372 452 196
1s3x 162 340 194
3qm1 432 212 188
4b4t 242 28 188
3h84 424 242 144
1s3x 92 164 116
1s3x 64 92 108
1s3x 396 276 88
3h84 412 236 80
1s3x 380 48 44
1s3x 60 104 32
1s3x 436 84 20
4d8q 4 84 10
1s3x 392 384 4
1s3x 44 424 196
1s3x 98 38 192
3qm1 102 462 186
1s3x 354 198 160
3qm1 408 244 114
1s3x 408 474 102
1s3x 20 304 68
1s3x 40 392 58
3h84 2 132 52
3qm1 428 162 32
1s3x 86 228 2
1s3x 212 84 196
4d8q 492 106 174
1s3x 436 464 164
3qm1 176 134 140
1s3x 42 510 108
1s3x 246 400 106
1s3x 92 510 76
1s3x 484 400 66
1s3x 310 2 32
3qm1 66 0 182
1s3x 310 178 158
1s3x 492 64 148
1s3x 152 344 142
1s3x 4 248 98
1s3x 312 2 88
1s3x 280 256 84
1s3x 322 150 80
3qm1 286 56 64
1s3x 304 302 38
3qm1 230 102 10
1s3x 488 510 196
1s3x 156 236 196
1s3x 144 468 188
4d8q 472 252 184
1s3x 64 420 176
1s3x 320 24 176
3qm1 132 356 172
1s3x 28 36 108
1s3x 354 12 100
1s3x 424 236 98
3qm1 460 154 54
1s3x 0 428 48
1s3x 378 94 20
1s3x 184 124 192
4b4t 460 326 190
1s3x 362 94 184
1s3x 418 174 182
1qvr 506 340 172
1s3x 280 386 164
3h84 194 452 154
3qm1 356 226 124
2cg9 212 368 84
1s3x 510 438 82
1s3x 240 450 70
3qm1 308 264 68
1s3x 236 130 28
1s3x 174 366 12
1s3x 138 102 8
1u6g 492 256 0
1s3x 454 510 192
4d8q 0 232 188
3qm1 368 2 188
1s3x 440 460 176
1s3x 48 2 168
3h84 504 88 164
3qm1 198 268 160
1s3x 278 84 156
3qm1 8 340 150
1s3x 288 320 150
1s3x 248 18 138
4b4t 12 176 124
1s3x 168 212 118
3qm1 260 136 112
3qm1 286 352 102
1s3x 132 0 80
3h84 262 396 76
1s3x 458 504 70
3qm1 290 256 70
4b4t 70 226 64
1s3x 304 376 52
1s3x 446 158 48
3h84 460 166 38
1s3x 464 128 22
1s3x 20 510 12
1s3x 160 328 8
1s3x 26 154 4
1s3x 210 320 0
1s3x 376 338 196
1s3x 410 78 192
4d8q 474 420 190
3qm1 234 206 190
1s3x 114 144 172
1s3x 106 308 150
1s3x 348 52 140
1s3x 462 72 116
3qm1 506 248 114
1s3x 224 442 92
1s3x 192 198 80
1s3x 128 292 76
1s3x 464 72 62
1s3x 104 340 58
1s3x 400 268 50
1s3x 2 330 48
1s3x 256 92 44
1s3x 130 84 42
1s3x 358 46 34
3h84 58 38 22
3qm1 156 288 14
4d8q 28 92 14
1s3x 448 106 8
